68130565	1612094066029	[]
68130567	1612094066031	[]
68136099	1612094071563	[]
68136101	1612094071566	[]
68141115	1612094076579	[]
68141117	1612094076582	[]
68142461	1612094077925	[]
68142463	1612094077927	[]
68152485	1612094087950	[]
68152489	1612094087953	[]
68153947	1612094089411	[]
68153949	1612094089413	[]
68154165	1612094089630	[]
68154167	1612094089632	[]
68159174	1612094094638	[]
68159177	1612094094641	[]
68164185	1612094099650	[]
68164186	1612094099651	[]
68165454	1612094100918	[]
68165455	1612094100919	[]
68170465	1612094105929	[]
68170467	1612094105932	[]
68175472	1612094110937	[]
68175473	1612094110938	[]
68180481	1612094115945	[]
68180482	1612094115947	[]
68185493	1612094120958	[]
68185494	1612094120959	[]
68186833	1612094122297	[]
68186834	1612094122298	[]
68191841	1612094127305	[]
68191843	1612094127307	[]
