157786860	1612183722325	[]
157786863	1612183722327	[]
157792412	1612183727876	[]
157792413	1612183727878	[]
157793820	1612183729284	[]
157793821	1612183729286	[]
157798833	1612183734297	[]
157798835	1612183734299	[]
157808851	1612183744316	[]
157808853	1612183744318	[]
157815164	1612183750629	[]
157815166	1612183750631	[]
157820183	1612183755647	[]
157820185	1612183755650	[]
157825195	1612183760660	[]
157825198	1612183760663	[]
157840236	1612183775700	[]
157840238	1612183775702	[]
157841521	1612183776985	[]
157841522	1612183776987	[]
157846533	1612183781998	[]
157846535	1612183781999	[]
157851548	1612183787012	[]
157851550	1612183787015	[]
