156428238	1612182363703	[]
156428240	1612182363705	[]
156433791	1612182369256	[]
156433793	1612182369257	[]
156438805	1612182374269	[]
156438807	1612182374271	[]
156443815	1612182379280	[]
156443817	1612182379282	[]
156448827	1612182384292	[]
156448829	1612182384294	[]
156453847	1612182389312	[]
156453849	1612182389313	[]
156455328	1612182390792	[]
156455330	1612182390794	[]
156460339	1612182395804	[]
156460342	1612182395806	[]
156465351	1612182400815	[]
156465353	1612182400818	[]
156470367	1612182405831	[]
156470369	1612182405833	[]
