157163312	1612183098776	[]
157163313	1612183098777	[]
157168851	1612183104315	[]
157168853	1612183104317	[]
157173857	1612183109322	[]
157173859	1612183109324	[]
157175154	1612183110619	[]
157175155	1612183110620	[]
157180164	1612183115628	[]
157180164	1612183115629	[]
157185179	1612183120644	[]
157185181	1612183120646	[]
157195202	1612183130666	[]
157195203	1612183130667	[]
157196613	1612183132078	[]
157196615	1612183132080	[]
157201624	1612183137089	[]
157201627	1612183137091	[]
157206629	1612183142094	[]
157206630	1612183142095	[]
157211644	1612183147108	[]
157211646	1612183147111	[]
157216657	1612183152122	[]
157216659	1612183152123	[]
157221671	1612183157136	[]
157221673	1612183157137	[]
157226685	1612183162149	[]
157226687	1612183162151	[]
157228088	1612183163553	[]
157228090	1612183163554	[]
