157285501	1612183220966	[]
157285502	1612183220967	[]
157291054	1612183226518	[]
157291055	1612183226520	[]
157292340	1612183227804	[]
157292342	1612183227806	[]
157297348	1612183232812	[]
157297349	1612183232813	[]
157307373	1612183242837	[]
157307375	1612183242839	[]
157312387	1612183247852	[]
157312389	1612183247853	[]
157313662	1612183249126	[]
157313663	1612183249127	[]
157318674	1612183254139	[]
157318676	1612183254140	[]
157323681	1612183259146	[]
157323682	1612183259147	[]
157328693	1612183264157	[]
157328694	1612183264159	[]
157333705	1612183269169	[]
157333707	1612183269171	[]
157335005	1612183270470	[]
157335007	1612183270471	[]
157340015	1612183275479	[]
157340016	1612183275481	[]
157345029	1612183280493	[]
157345030	1612183280494	[]
