68254399	1612094189863	[]
68254401	1612094189865	[]
68259943	1612094195408	[]
68259945	1612094195410	[]
68264956	1612094200420	[]
68264958	1612094200422	[]
68271374	1612094206838	[]
68271375	1612094206840	[]
68281401	1612094216865	[]
68281402	1612094216867	[]
68286409	1612094221874	[]
68286411	1612094221875	[]
68291419	1612094226884	[]
68291421	1612094226885	[]
68296432	1612094231896	[]
68296433	1612094231898	[]
68304671	1612094240136	[]
68304674	1612094240138	[]
68305922	1612094241386	[]
68305923	1612094241388	[]
68310934	1612094246398	[]
68310936	1612094246400	[]
68315946	1612094251411	[]
68315948	1612094251412	[]
68320957	1612094256421	[]
68320958	1612094256423	[]
