156350552	1612182286016	[]
156350553	1612182286018	[]
156356100	1612182291565	[]
156356102	1612182291567	[]
156357361	1612182292826	[]
156357362	1612182292826	[]
156357929	1612182293393	[]
156357931	1612182293395	[]
156358124	1612182293589	[]
156358125	1612182293589	[]
156363137	1612182298602	[]
156363139	1612182298603	[]
156373163	1612182308628	[]
156373165	1612182308630	[]
156374509	1612182309973	[]
156374510	1612182309974	[]
156379520	1612182314985	[]
156379522	1612182314986	[]
156384528	1612182319993	[]
156384530	1612182319994	[]
156389536	1612182325000	[]
156389539	1612182325003	[]
156394548	1612182330012	[]
156394550	1612182330014	[]
156395849	1612182331313	[]
156395851	1612182331315	[]
