156007688	1612181943153	[]
156007690	1612181943155	[]
156009087	1612181944551	[]
156009089	1612181944554	[]
156014097	1612181949561	[]
156014099	1612181949563	[]
156019105	1612181954569	[]
156019108	1612181954573	[]
156029134	1612181964598	[]
156029137	1612181964601	[]
156034148	1612181969612	[]
156034151	1612181969616	[]
156039165	1612181974629	[]
156039167	1612181974631	[]
156040469	1612181975933	[]
156040471	1612181975936	[]
156045480	1612181980945	[]
156045482	1612181980946	[]
156050492	1612181985957	[]
156050494	1612181985959	[]
156055500	1612181990965	[]
156055502	1612181990966	[]
156060510	1612181995974	[]
156060511	1612181995976	[]
