156189966	1612182125430	[]
156189968	1612182125432	[]
156195510	1612182130974	[]
156195512	1612182130976	[]
156200522	1612182135986	[]
156200524	1612182135988	[]
156201812	1612182137276	[]
156201814	1612182137278	[]
156209219	1612182144684	[]
156209221	1612182144686	[]
156209275	1612182144739	[]
156209276	1612182144741	[]
156214281	1612182149745	[]
156214282	1612182149746	[]
156219289	1612182154753	[]
156219290	1612182154755	[]
156224298	1612182159762	[]
156224299	1612182159764	[]
156235617	1612182171082	[]
156235619	1612182171084	[]
156240629	1612182176093	[]
156240630	1612182176095	[]
