157976502	1612183911966	[]
157976507	1612183911972	[]
157982046	1612183917510	[]
157982047	1612183917511	[]
157987061	1612183922526	[]
157987063	1612183922528	[]
157992072	1612183927536	[]
157992074	1612183927538	[]
157997085	1612183932549	[]
157997088	1612183932552	[]
157998423	1612183933887	[]
157998423	1612183933887	[]
158003435	1612183938899	[]
158003437	1612183938901	[]
158008439	1612183943904	[]
158008440	1612183943905	[]
158018468	1612183953932	[]
158018471	1612183953936	[]
158019764	1612183955228	[]
158019766	1612183955230	[]
158024778	1612183960242	[]
158024780	1612183960244	[]
