155909266	1612181844730	[]
155909270	1612181844734	[]
155914277	1612181849742	[]
155914279	1612181849744	[]
155919288	1612181854753	[]
155919290	1612181854755	[]
155924299	1612181859764	[]
155924302	1612181859766	[]
155929306	1612181864771	[]
155929308	1612181864772	[]
155934317	1612181869781	[]
155934320	1612181869784	[]
155944182	1612181879647	[]
155944185	1612181879649	[]
155949193	1612181884658	[]
155949195	1612181884660	[]
155964231	1612181899695	[]
155964234	1612181899699	[]
155965535	1612181900999	[]
155965537	1612181901001	[]
155970544	1612181906009	[]
155970548	1612181906012	[]
