156642708	1612182578173	[]
156642711	1612182578175	[]
156643233	1612182578698	[]
156643236	1612182578700	[]
156648263	1612182583727	[]
156648265	1612182583729	[]
156653277	1612182588741	[]
156653279	1612182588744	[]
156669608	1612182605073	[]
156669610	1612182605075	[]
156674621	1612182610085	[]
156674622	1612182610087	[]
156679634	1612182615098	[]
156679635	1612182615100	[]
156684651	1612182620116	[]
156684654	1612182620118	[]
156689670	1612182625135	[]
156689671	1612182625136	[]
156695956	1612182631420	[]
156695959	1612182631423	[]
156700967	1612182636432	[]
156700969	1612182636434	[]
156705982	1612182641446	[]
156705984	1612182641448	[]
