156272070	1612182207535	[]
156272073	1612182207538	[]
156277613	1612182213077	[]
156277614	1612182213078	[]
156282622	1612182218087	[]
156282623	1612182218088	[]
156287639	1612182223104	[]
156287641	1612182223106	[]
156294049	1612182229513	[]
156294050	1612182229515	[]
156299059	1612182234523	[]
156299060	1612182234524	[]
156304072	1612182239536	[]
156304074	1612182239538	[]
156309086	1612182244550	[]
156309089	1612182244554	[]
156310388	1612182245853	[]
156310390	1612182245855	[]
156315402	1612182250867	[]
156315404	1612182250868	[]
