156854654	1612182790119	[]
156854656	1612182790120	[]
156860199	1612182795663	[]
156860201	1612182795665	[]
156865211	1612182800675	[]
156865213	1612182800677	[]
156866620	1612182802085	[]
156866622	1612182802087	[]
156871631	1612182807096	[]
156871633	1612182807097	[]
156876644	1612182812108	[]
156876648	1612182812112	[]
156881662	1612182817126	[]
156881664	1612182817128	[]
156886678	1612182822143	[]
156886680	1612182822145	[]
156888024	1612182823489	[]
156888026	1612182823491	[]
156893037	1612182828501	[]
156893038	1612182828503	[]
156898048	1612182833513	[]
156898050	1612182833515	[]
156903059	1612182838524	[]
156903060	1612182838524	[]
156908072	1612182843537	[]
156908074	1612182843539	[]
156909356	1612182844820	[]
156909358	1612182844822	[]
156914366	1612182849831	[]
156914368	1612182849833	[]
