156954804	1612182890268	[]
156954805	1612182890270	[]
156960360	1612182895825	[]
156960363	1612182895827	[]
156965370	1612182900834	[]
156965371	1612182900835	[]
156971852	1612182907316	[]
156971854	1612182907319	[]
156981880	1612182917344	[]
156981882	1612182917347	[]
156986892	1612182922356	[]
156986894	1612182922358	[]
156991908	1612182927372	[]
156991911	1612182927376	[]
156998192	1612182933656	[]
156998194	1612182933658	[]
157003205	1612182938669	[]
157003208	1612182938672	[]
157008218	1612182943682	[]
157008219	1612182943683	[]
157013234	1612182948698	[]
157013237	1612182948701	[]
157014585	1612182950050	[]
157014588	1612182950052	[]
