157662841	1612183598306	[]
157662842	1612183598306	[]
157668391	1612183603856	[]
157668393	1612183603857	[]
157673407	1612183608871	[]
157673409	1612183608873	[]
157683429	1612183618893	[]
157683431	1612183618895	[]
157689732	1612183625197	[]
157689735	1612183625199	[]
157694744	1612183630208	[]
157694746	1612183630210	[]
157699752	1612183635217	[]
157699754	1612183635218	[]
157704769	1612183640233	[]
157704770	1612183640235	[]
157711062	1612183646526	[]
157711063	1612183646527	[]
157716070	1612183651534	[]
157716071	1612183651535	[]
157721075	1612183656540	[]
157721076	1612183656540	[]
157726086	1612183661550	[]
157726087	1612183661552	[]
