158091324	1612184026788	[]
158091326	1612184026790	[]
158096875	1612184032339	[]
158096877	1612184032342	[]
158101889	1612184037353	[]
158101891	1612184037355	[]
158106899	1612184042363	[]
158106900	1612184042365	[]
158113259	1612184048724	[]
158113262	1612184048726	[]
158118272	1612184053736	[]
158118274	1612184053738	[]
158123283	1612184058748	[]
158123285	1612184058750	[]
158128288	1612184063752	[]
158128289	1612184063753	[]
158138315	1612184073779	[]
158138316	1612184073781	[]
158139723	1612184075188	[]
158139725	1612184075189	[]
158144737	1612184080201	[]
158144739	1612184080203	[]
