68473959	1612094409424	[]
68473961	1612094409425	[]
68479492	1612094414957	[]
68479493	1612094414958	[]
68480552	1612094416016	[]
68480552	1612094416017	[]
68480759	1612094416224	[]
68480760	1612094416225	[]
68485772	1612094421237	[]
68485774	1612094421239	[]
68495797	1612094431261	[]
68495798	1612094431263	[]
68500815	1612094436279	[]
68500817	1612094436282	[]
68502163	1612094437627	[]
68502164	1612094437628	[]
68507175	1612094442640	[]
68507178	1612094442642	[]
68512188	1612094447652	[]
68512190	1612094447655	[]
68527225	1612094462689	[]
68527226	1612094462690	[]
68532235	1612094467699	[]
68532236	1612094467700	[]
68534586	1612094470051	[]
68534589	1612094470053	[]
