157057429	1612182992893	[]
157057430	1612182992895	[]
157062966	1612182998430	[]
157062967	1612182998432	[]
157067980	1612183003445	[]
157067982	1612183003446	[]
157069384	1612183004848	[]
157069387	1612183004851	[]
157074397	1612183009861	[]
157074400	1612183009864	[]
157084417	1612183019881	[]
157084419	1612183019883	[]
157089431	1612183024896	[]
157089432	1612183024897	[]
157090729	1612183026193	[]
157090730	1612183026194	[]
157100755	1612183036220	[]
157100758	1612183036222	[]
157110786	1612183046250	[]
157110788	1612183046252	[]
157112069	1612183047534	[]
157112072	1612183047537	[]
157117082	1612183052547	[]
157117084	1612183052549	[]
